94040974865     Sobierobie     721131041135051525360    233322222
89122185943     
81033026223     Janeczka     70117114105119565649    23333222
78102578127     ATINkRAt     7369869384108105118    22222333
93101642321     Wonderland     1191221051026868    333322
87042864186     MelkaSerdelka     1101031211121121131065665    333333322
97041278662     lasik     1161041071291125859606149    3333322222
64103193924     emipraca     1181191271051155859656571    3333322222
84102419247     asteroid     10612412511012312011410974119119106    333333332333
71042483861     ninka_the_cardiologist     10410197114116115495051525341    332333222222
86020287629     
60101293987     
91061057968     liwka963     11110011811011412210210411010236    33333333332
94080387344     
80112212942     lucypeplum     11312210412610410911611411743    3333333332
80053191726     
68121432584     
61021457231     
80121867588     emanuel23     1211231061081065858616242    3333322222
82091247861     milan     1199711510510850513838    323332222
77030467923     hospitalcardio     106109112119110122107112995164    33333333222
81080671322     KrissOMG     777579109515253    2223222
80121136893     
83122789343     
95110573535     
74101142912     
92110648988     
92041638632     
61111243232     
86081863138     
94050378264     
77101013864     
68072265828     
91060318655     
91121476465     
77080671486     
82122255362     
