86060685537         Warnerek86         811061101131081021085755    233333322
89061369121         Ewkaaa         791071091101031211099951535056    233333322222
80112349723         Nowak23         100101102535452535466    333222222
88071723477         Kuba_do_lek         7012110210954556767    23332222
05300565668         Emiss         8210211410280102127102113102535868    2333233333222
90041414221         Kwiatuszek2         11011711011757587697    33332222
76101868733         login18         72107104116108114566370    233333222
76100774538         Boba22         12112710912212412957585971    3333332222
96062962734         Kvejuqiz         811261091261071101221266663    2333333322
96120633385         Agjae         871141219712110110897485442    23323332222
89051746686         hypernova         115104535452103116    3322233
89051746266         dawidson         1029912110710211711311251    323333332
89051785328         abc         52535455    2222
